$ANSIBLE_VAULT;1.1;AES256
65393032646234303865383833393832376630376534326236663839323464323635303461666338
3934316361326263346630376361373237306366653131340a376236613530363634656136373332
38386135336663643365336466313936626138303933343739323436363162316232323331326162
3464663934623938360a346433386333396438306663636530313531326666613561306536656438
30616562346230343766626638393032643862366563616437383662643234333866363335343934
39633238636538313135666332646231383233663363623831643139316162346564333235316562
35333536353734386532383561356261343162663336336262356639343564616638356662366432
66303165333131373264386433373031613232343932653735646165353837633636376264323939
35363638613531313836306365303038333937303636623564313866333531393962666230616230
36626533383563303738366262646536343965646361666334333937613362653031616566326433
37646332303931323734356135326437613031323831656362303939363838306636366432326164
37663538613735323633623963316233646462356261353264623765353938623032633963326433
34613034636132646338306563303161396363346161646438653239386461626138
